115448
115316
114311
115533
115193
115370
115446
114604
114029
114920
115441
115337
115194
114269
114865
114680
114774
115650
115413
114662
115445
114841
115409
114822
114595
115524
115595
115183
116088
115407
114661
115402
115494
115579
114644
114764
115232
116030
115215
114679
114794
115660
115170
115769
114880
114394
115747
114557
114546
115776
115568
114741
115272
114394
115196
114869
114702
115816
114671
115758
115704
114967
115536
115344
115160
115193
116056
114748
115234
115585
115004
115352
114665
115648
114458
115702
115009
115524
115220
115704
115536
115202
114386
114945
115536
115930
114777
115596
115812
114747
114959
116356
115418
115140
115026
115510
115905
114041
114666
115274
