418300
418407
418907
417983
418497
417596
418681
418190
418997
418283
418323
418087
418122
418666
418925
417498
418781
418962
419321
418441
418580
418279
418139
418859
418678
417564
417820
418979
418759
418613
418489
418707
418123
418355
419120
417754
418275
418314
418966
418761
418425
418901
418431
419366
418611
418627
418706
418219
418500
418366
418198
418201
418109
418143
418097
418008
418723
418357
417902
417423
418031
418859
418282
418441
418500
418674
418903
418779
418170
418343
418057
418831
418441
418042
418468
417911
418816
418211
418930
417943
418140
418565
418027
418354
418128
417797
418866
419000
418718
418589
418089
417708
418644
418231
418227
418498
418760
418906
418849
419045
