115530
233337
291958
341894
388117
428024
454356
476046
492638
504595
513632
521366
527516
532906
537541
540669
544320
546196
550257
551872
554150
555879
556831
558185
559940
560473
561997
563262
564187
565130
565649
566860
567226
567801
568135
569212
569665
570267
570118
571108
571370
571974
572006
572613
572957
573777
573234
573964
573973
574482
575104
575200
575142
575722
575883
576128
576391
576170
576833
576454
576936
577142
577676
577944
577561
578349
577655
578255
577922
578474
578491
578874
578704
579185
579415
579290
579588
579980
579900
579871
579786
580253
580330
580018
580237
580057
580515
580653
580031
580446
581050
580879
581191
580813
581367
581540
581308
581523
581429
581418
